(kicad_pcb (version 20171130) (host pcbnew 5.0.2-bee76a0~70~ubuntu18.04.1)

  (general
    (thickness 1.6)
    (drawings 27)
    (tracks 806)
    (zones 0)
    (modules 52)
    (nets 78)
  )

  (page A4)
  (title_block
    (date "lun. 30 mars 2015")
  )

  (layers
    (0 F.Cu signal)
    (31 B.Cu signal)
    (32 B.Adhes user)
    (33 F.Adhes user)
    (34 B.Paste user)
    (35 F.Paste user)
    (36 B.SilkS user)
    (37 F.SilkS user)
    (38 B.Mask user)
    (39 F.Mask user)
    (40 Dwgs.User user)
    (41 Cmts.User user)
    (42 Eco1.User user)
    (43 Eco2.User user)
    (44 Edge.Cuts user)
    (45 Margin user)
    (46 B.CrtYd user)
    (47 F.CrtYd user)
    (48 B.Fab user)
    (49 F.Fab user)
  )

  (setup
    (last_trace_width 0.25)
    (trace_clearance 0.2)
    (zone_clearance 0.508)
    (zone_45_only no)
    (trace_min 0.2)
    (segment_width 0.15)
    (edge_width 0.15)
    (via_size 0.6)
    (via_drill 0.4)
    (via_min_size 0.4)
    (via_min_drill 0.3)
    (uvia_size 0.3)
    (uvia_drill 0.1)
    (uvias_allowed no)
    (uvia_min_size 0.2)
    (uvia_min_drill 0.1)
    (pcb_text_width 0.3)
    (pcb_text_size 1.5 1.5)
    (mod_edge_width 0.15)
    (mod_text_size 1 1)
    (mod_text_width 0.15)
    (pad_size 4.064 4.064)
    (pad_drill 3.048)
    (pad_to_mask_clearance 0)
    (solder_mask_min_width 0.25)
    (aux_axis_origin 110.998 126.365)
    (grid_origin 110.998 126.365)
    (visible_elements FFFFF77F)
    (pcbplotparams
      (layerselection 0x00030_80000001)
      (usegerberextensions false)
      (usegerberattributes false)
      (usegerberadvancedattributes false)
      (creategerberjobfile false)
      (excludeedgelayer true)
      (linewidth 0.100000)
      (plotframeref false)
      (viasonmask false)
      (mode 1)
      (useauxorigin false)
      (hpglpennumber 1)
      (hpglpenspeed 20)
      (hpglpendiameter 15.000000)
      (psnegative false)
      (psa4output false)
      (plotreference true)
      (plotvalue true)
      (plotinvisibletext false)
      (padsonsilk false)
      (subtractmaskfromsilk false)
      (outputformat 1)
      (mirror false)
      (drillshape 1)
      (scaleselection 1)
      (outputdirectory ""))
  )

  (net 0 "")
  (net 1 +5V)
  (net 2 GND)
  (net 3 "Net-(P5-Pad1)")
  (net 4 "Net-(P6-Pad1)")
  (net 5 "Net-(P7-Pad1)")
  (net 6 "Net-(P8-Pad1)")
  (net 7 "Net-(P1-Pad1)")
  (net 8 +3V3)
  (net 9 /Main/VIN)
  (net 10 "Net-(C6-Pad1)")
  (net 11 "Net-(C7-Pad1)")
  (net 12 "Net-(C9-Pad1)")
  (net 13 "Net-(C10-Pad1)")
  (net 14 /Main/DTR)
  (net 15 "Net-(D1-Pad2)")
  (net 16 "Net-(D2-Pad2)")
  (net 17 "Net-(D3-Pad2)")
  (net 18 "Net-(D4-Pad1)")
  (net 19 "Net-(D4-Pad2)")
  (net 20 "Net-(D5-Pad2)")
  (net 21 "Net-(D5-Pad1)")
  (net 22 /Main/Reset)
  (net 23 "Net-(D7-Pad2)")
  (net 24 /Power/USBVCC)
  (net 25 "Net-(F1-Pad2)")
  (net 26 "Net-(FB1-Pad1)")
  (net 27 "Net-(FB1-Pad2)")
  (net 28 "Net-(J2-Pad2)")
  (net 29 "Net-(J2-Pad3)")
  (net 30 /USB/MISO2)
  (net 31 /USB/SCK2)
  (net 32 /USB/MOSI2)
  (net 33 "Net-(J4-Pad1)")
  (net 34 "Net-(J4-Pad2)")
  (net 35 "Net-(J4-Pad3)")
  (net 36 "Net-(J4-Pad4)")
  (net 37 "/Main/11(**/MOSI)")
  (net 38 "/Main/13(SCK)")
  (net 39 "/Main/12(MISO)")
  (net 40 /Main/IOREF)
  (net 41 /Main/A0)
  (net 42 /Main/A1)
  (net 43 /Main/A2)
  (net 44 /Main/A3)
  (net 45 "/Main/A4(SDA)")
  (net 46 "/Main/A5(SCL)")
  (net 47 /Main/AREF)
  (net 48 "/Main/10(**/SS)")
  (net 49 "/Main/9(**)")
  (net 50 /Main/8)
  (net 51 /Main/7)
  (net 52 "/Main/6(**)")
  (net 53 "/Main/5(**)")
  (net 54 /Main/4)
  (net 55 "/Main/3(**)")
  (net 56 /Main/2)
  (net 57 "/Main/1(Tx)")
  (net 58 "/Main/0(Rx)")
  (net 59 "Net-(Q1-Pad2)")
  (net 60 "Net-(R2-Pad1)")
  (net 61 "Net-(R2-Pad2)")
  (net 62 "Net-(RN1-Pad1)")
  (net 63 "Net-(RN2-Pad1)")
  (net 64 "Net-(RN3-Pad4)")
  (net 65 "Net-(RN3-Pad1)")
  (net 66 /Main/M8RXD)
  (net 67 /Main/M8TXD)
  (net 68 "Net-(U3-Pad4)")
  (net 69 "Net-(U4-Pad5)")
  (net 70 "Net-(U4-Pad6)")
  (net 71 "Net-(U4-Pad7)")
  (net 72 "Net-(U4-Pad12)")
  (net 73 "Net-(U4-Pad14)")
  (net 74 "Net-(U4-Pad22)")
  (net 75 "Net-(U4-Pad23)")
  (net 76 "Net-(U4-Pad25)")
  (net 77 "Net-(U4-Pad26)")

  (net_class Default "This is the default net class."
    (clearance 0.2)
    (trace_width 0.25)
    (via_dia 0.6)
    (via_drill 0.4)
    (uvia_dia 0.3)
    (uvia_drill 0.1)
    (add_net +3V3)
    (add_net +5V)
    (add_net "/Main/0(Rx)")
    (add_net "/Main/1(Tx)")
    (add_net "/Main/10(**/SS)")
    (add_net "/Main/11(**/MOSI)")
    (add_net "/Main/12(MISO)")
    (add_net "/Main/13(SCK)")
    (add_net /Main/2)
    (add_net "/Main/3(**)")
    (add_net /Main/4)
    (add_net "/Main/5(**)")
    (add_net "/Main/6(**)")
    (add_net /Main/7)
    (add_net /Main/8)
    (add_net "/Main/9(**)")
    (add_net /Main/A0)
    (add_net /Main/A1)
    (add_net /Main/A2)
    (add_net /Main/A3)
    (add_net "/Main/A4(SDA)")
    (add_net "/Main/A5(SCL)")
    (add_net /Main/AREF)
    (add_net /Main/DTR)
    (add_net /Main/IOREF)
    (add_net /Main/M8RXD)
    (add_net /Main/M8TXD)
    (add_net /Main/Reset)
    (add_net /Main/VIN)
    (add_net /Power/USBVCC)
    (add_net /USB/MISO2)
    (add_net /USB/MOSI2)
    (add_net /USB/SCK2)
    (add_net GND)
    (add_net "Net-(C10-Pad1)")
    (add_net "Net-(C6-Pad1)")
    (add_net "Net-(C7-Pad1)")
    (add_net "Net-(C9-Pad1)")
    (add_net "Net-(D1-Pad2)")
    (add_net "Net-(D2-Pad2)")
    (add_net "Net-(D3-Pad2)")
    (add_net "Net-(D4-Pad1)")
    (add_net "Net-(D4-Pad2)")
    (add_net "Net-(D5-Pad1)")
    (add_net "Net-(D5-Pad2)")
    (add_net "Net-(D7-Pad2)")
    (add_net "Net-(F1-Pad2)")
    (add_net "Net-(FB1-Pad1)")
    (add_net "Net-(FB1-Pad2)")
    (add_net "Net-(J2-Pad2)")
    (add_net "Net-(J2-Pad3)")
    (add_net "Net-(J4-Pad1)")
    (add_net "Net-(J4-Pad2)")
    (add_net "Net-(J4-Pad3)")
    (add_net "Net-(J4-Pad4)")
    (add_net "Net-(P1-Pad1)")
    (add_net "Net-(P5-Pad1)")
    (add_net "Net-(P6-Pad1)")
    (add_net "Net-(P7-Pad1)")
    (add_net "Net-(P8-Pad1)")
    (add_net "Net-(Q1-Pad2)")
    (add_net "Net-(R2-Pad1)")
    (add_net "Net-(R2-Pad2)")
    (add_net "Net-(RN1-Pad1)")
    (add_net "Net-(RN2-Pad1)")
    (add_net "Net-(RN3-Pad1)")
    (add_net "Net-(RN3-Pad4)")
    (add_net "Net-(U3-Pad4)")
    (add_net "Net-(U4-Pad12)")
    (add_net "Net-(U4-Pad14)")
    (add_net "Net-(U4-Pad22)")
    (add_net "Net-(U4-Pad23)")
    (add_net "Net-(U4-Pad25)")
    (add_net "Net-(U4-Pad26)")
    (add_net "Net-(U4-Pad5)")
    (add_net "Net-(U4-Pad6)")
    (add_net "Net-(U4-Pad7)")
  )

  (module Button_Switch_SMD:SW_SPST_PTS645 (layer F.Cu) (tedit 5A02FC95) (tstamp 5C3A186B)
    (at 117.348 76.535 180)
    (descr "C&K Components SPST SMD PTS645 Series 6mm Tact Switch")
    (tags "SPST Button Switch")
    (path /5C14B8B6/5C1969BC)
    (attr smd)
    (fp_text reference SW1 (at 0 -4.05 180) (layer F.SilkS)
      (effects (font (size 1 1) (thickness 0.15)))
    )
    (fp_text value SW_Push (at 0 4.15 180) (layer F.Fab)
      (effects (font (size 1 1) (thickness 0.15)))
    )
    (fp_circle (center 0 0) (end 1.75 -0.05) (layer F.Fab) (width 0.1))
    (fp_line (start -3.23 3.23) (end 3.23 3.23) (layer F.SilkS) (width 0.12))
    (fp_line (start -3.23 -1.3) (end -3.23 1.3) (layer F.SilkS) (width 0.12))
    (fp_line (start -3.23 -3.23) (end 3.23 -3.23) (layer F.SilkS) (width 0.12))
    (fp_line (start 3.23 -1.3) (end 3.23 1.3) (layer F.SilkS) (width 0.12))
    (fp_line (start -3.23 -3.2) (end -3.23 -3.23) (layer F.SilkS) (width 0.12))
    (fp_line (start -3.23 3.23) (end -3.23 3.2) (layer F.SilkS) (width 0.12))
    (fp_line (start 3.23 3.23) (end 3.23 3.2) (layer F.SilkS) (width 0.12))
    (fp_line (start 3.23 -3.23) (end 3.23 -3.2) (layer F.SilkS) (width 0.12))
    (fp_line (start -5.05 -3.4) (end 5.05 -3.4) (layer F.CrtYd) (width 0.05))
    (fp_line (start -5.05 3.4) (end 5.05 3.4) (layer F.CrtYd) (width 0.05))
    (fp_line (start -5.05 -3.4) (end -5.05 3.4) (layer F.CrtYd) (width 0.05))
    (fp_line (start 5.05 3.4) (end 5.05 -3.4) (layer F.CrtYd) (width 0.05))
    (fp_line (start 3 -3) (end -3 -3) (layer F.Fab) (width 0.1))
    (fp_line (start 3 3) (end 3 -3) (layer F.Fab) (width 0.1))
    (fp_line (start -3 3) (end 3 3) (layer F.Fab) (width 0.1))
    (fp_line (start -3 -3) (end -3 3) (layer F.Fab) (width 0.1))
    (fp_text user %R (at 0 -4.05 180) (layer F.Fab)
      (effects (font (size 1 1) (thickness 0.15)))
    )
    (pad 2 smd rect (at 3.98 2.25 180) (size 1.55 1.3) (layers F.Cu F.Paste F.Mask)
      (net 2 GND))
    (pad 1 smd rect (at 3.98 -2.25 180) (size 1.55 1.3) (layers F.Cu F.Paste F.Mask)
      (net 22 /Main/Reset))
    (pad 1 smd rect (at -3.98 -2.25 180) (size 1.55 1.3) (layers F.Cu F.Paste F.Mask)
      (net 22 /Main/Reset))
    (pad 2 smd rect (at -3.98 2.25 180) (size 1.55 1.3) (layers F.Cu F.Paste F.Mask)
      (net 2 GND))
    (model ${KISYS3DMOD}/Button_Switch_SMD.3dshapes/SW_SPST_PTS645.wrl
      (at (xyz 0 0 0))
      (scale (xyz 1 1 1))
      (rotate (xyz 0 0 0))
    )
  )

  (module Socket_Arduino_Uno:Socket_Strip_Arduino_1x08 locked (layer F.Cu) (tedit 552168D2) (tstamp 551AF9EA)
    (at 138.938 123.825)
    (descr "Through hole socket strip")
    (tags "socket strip")
    (path /5C14B8B6/5C19A1CC)
    (fp_text reference P1 (at 8.89 -2.54) (layer F.SilkS)
      (effects (font (size 1 1) (thickness 0.15)))
    )
    (fp_text value Power (at 8.89 -4.064) (layer F.Fab)
      (effects (font (size 1 1) (thickness 0.15)))
    )
    (fp_line (start -1.75 -1.75) (end -1.75 1.75) (layer F.CrtYd) (width 0.05))
    (fp_line (start 19.55 -1.75) (end 19.55 1.75) (layer F.CrtYd) (width 0.05))
    (fp_line (start -1.75 -1.75) (end 19.55 -1.75) (layer F.CrtYd) (width 0.05))
    (fp_line (start -1.75 1.75) (end 19.55 1.75) (layer F.CrtYd) (width 0.05))
    (fp_line (start 1.27 1.27) (end 19.05 1.27) (layer F.SilkS) (width 0.15))
    (fp_line (start 19.05 1.27) (end 19.05 -1.27) (layer F.SilkS) (width 0.15))
    (fp_line (start 19.05 -1.27) (end 1.27 -1.27) (layer F.SilkS) (width 0.15))
    (fp_line (start -1.55 1.55) (end 0 1.55) (layer F.SilkS) (width 0.15))
    (fp_line (start 1.27 1.27) (end 1.27 -1.27) (layer F.SilkS) (width 0.15))
    (fp_line (start 0 -1.55) (end -1.55 -1.55) (layer F.SilkS) (width 0.15))
    (fp_line (start -1.55 -1.55) (end -1.55 1.55) (layer F.SilkS) (width 0.15))
    (pad 1 thru_hole oval (at 0 0) (size 1.7272 2.032) (drill 1.016) (layers *.Cu *.Mask F.SilkS)
      (net 7 "Net-(P1-Pad1)"))
    (pad 2 thru_hole oval (at 2.54 0) (size 1.7272 2.032) (drill 1.016) (layers *.Cu *.Mask F.SilkS)
      (net 40 /Main/IOREF))
    (pad 3 thru_hole oval (at 5.08 0) (size 1.7272 2.032) (drill 1.016) (layers *.Cu *.Mask F.SilkS)
      (net 22 /Main/Reset))
    (pad 4 thru_hole oval (at 7.62 0) (size 1.7272 2.032) (drill 1.016) (layers *.Cu *.Mask F.SilkS)
      (net 8 +3V3))
    (pad 5 thru_hole oval (at 10.16 0) (size 1.7272 2.032) (drill 1.016) (layers *.Cu *.Mask F.SilkS)
      (net 1 +5V))
    (pad 6 thru_hole oval (at 12.7 0) (size 1.7272 2.032) (drill 1.016) (layers *.Cu *.Mask F.SilkS)
      (net 2 GND))
    (pad 7 thru_hole oval (at 15.24 0) (size 1.7272 2.032) (drill 1.016) (layers *.Cu *.Mask F.SilkS)
      (net 2 GND))
    (pad 8 thru_hole oval (at 17.78 0) (size 1.7272 2.032) (drill 1.016) (layers *.Cu *.Mask F.SilkS)
      (net 9 /Main/VIN))
    (model ${KIPRJMOD}/Socket_Arduino_Uno.3dshapes/Socket_header_Arduino_1x08.wrl
      (offset (xyz 8.889999866485596 0 0))
      (scale (xyz 1 1 1))
      (rotate (xyz 0 0 180))
    )
  )

  (module Socket_Arduino_Uno:Socket_Strip_Arduino_1x06 locked (layer F.Cu) (tedit 552168D6) (tstamp 551AF9FF)
    (at 161.798 123.825)
    (descr "Through hole socket strip")
    (tags "socket strip")
    (path /5C14B8B6/5C19A1EC)
    (fp_text reference P2 (at 6.604 -2.54) (layer F.SilkS)
      (effects (font (size 1 1) (thickness 0.15)))
    )
    (fp_text value Analog (at 6.604 -4.064) (layer F.Fab)
      (effects (font (size 1 1) (thickness 0.15)))
    )
    (fp_line (start -1.75 -1.75) (end -1.75 1.75) (layer F.CrtYd) (width 0.05))
    (fp_line (start 14.45 -1.75) (end 14.45 1.75) (layer F.CrtYd) (width 0.05))
    (fp_line (start -1.75 -1.75) (end 14.45 -1.75) (layer F.CrtYd) (width 0.05))
    (fp_line (start -1.75 1.75) (end 14.45 1.75) (layer F.CrtYd) (width 0.05))
    (fp_line (start 1.27 1.27) (end 13.97 1.27) (layer F.SilkS) (width 0.15))
    (fp_line (start 13.97 1.27) (end 13.97 -1.27) (layer F.SilkS) (width 0.15))
    (fp_line (start 13.97 -1.27) (end 1.27 -1.27) (layer F.SilkS) (width 0.15))
    (fp_line (start -1.55 1.55) (end 0 1.55) (layer F.SilkS) (width 0.15))
    (fp_line (start 1.27 1.27) (end 1.27 -1.27) (layer F.SilkS) (width 0.15))
    (fp_line (start 0 -1.55) (end -1.55 -1.55) (layer F.SilkS) (width 0.15))
    (fp_line (start -1.55 -1.55) (end -1.55 1.55) (layer F.SilkS) (width 0.15))
    (pad 1 thru_hole oval (at 0 0) (size 1.7272 2.032) (drill 1.016) (layers *.Cu *.Mask F.SilkS)
      (net 41 /Main/A0))
    (pad 2 thru_hole oval (at 2.54 0) (size 1.7272 2.032) (drill 1.016) (layers *.Cu *.Mask F.SilkS)
      (net 42 /Main/A1))
    (pad 3 thru_hole oval (at 5.08 0) (size 1.7272 2.032) (drill 1.016) (layers *.Cu *.Mask F.SilkS)
      (net 43 /Main/A2))
    (pad 4 thru_hole oval (at 7.62 0) (size 1.7272 2.032) (drill 1.016) (layers *.Cu *.Mask F.SilkS)
      (net 44 /Main/A3))
    (pad 5 thru_hole oval (at 10.16 0) (size 1.7272 2.032) (drill 1.016) (layers *.Cu *.Mask F.SilkS)
      (net 45 "/Main/A4(SDA)"))
    (pad 6 thru_hole oval (at 12.7 0) (size 1.7272 2.032) (drill 1.016) (layers *.Cu *.Mask F.SilkS)
      (net 46 "/Main/A5(SCL)"))
    (model ${KIPRJMOD}/Socket_Arduino_Uno.3dshapes/Socket_header_Arduino_1x06.wrl
      (offset (xyz 6.349999904632568 0 0))
      (scale (xyz 1 1 1))
      (rotate (xyz 0 0 180))
    )
  )

  (module Socket_Arduino_Uno:Socket_Strip_Arduino_1x10 locked (layer F.Cu) (tedit 552168BF) (tstamp 551AFA18)
    (at 129.794 75.565)
    (descr "Through hole socket strip")
    (tags "socket strip")
    (path /5C14B8B6/5C19A22B)
    (fp_text reference P3 (at 11.43 2.794) (layer F.SilkS)
      (effects (font (size 1 1) (thickness 0.15)))
    )
    (fp_text value Digital (at 11.43 4.318) (layer F.Fab)
      (effects (font (size 1 1) (thickness 0.15)))
    )
    (fp_line (start -1.75 -1.75) (end -1.75 1.75) (layer F.CrtYd) (width 0.05))
    (fp_line (start 24.65 -1.75) (end 24.65 1.75) (layer F.CrtYd) (width 0.05))
    (fp_line (start -1.75 -1.75) (end 24.65 -1.75) (layer F.CrtYd) (width 0.05))
    (fp_line (start -1.75 1.75) (end 24.65 1.75) (layer F.CrtYd) (width 0.05))
    (fp_line (start 1.27 1.27) (end 24.13 1.27) (layer F.SilkS) (width 0.15))
    (fp_line (start 24.13 1.27) (end 24.13 -1.27) (layer F.SilkS) (width 0.15))
    (fp_line (start 24.13 -1.27) (end 1.27 -1.27) (layer F.SilkS) (width 0.15))
    (fp_line (start -1.55 1.55) (end 0 1.55) (layer F.SilkS) (width 0.15))
    (fp_line (start 1.27 1.27) (end 1.27 -1.27) (layer F.SilkS) (width 0.15))
    (fp_line (start 0 -1.55) (end -1.55 -1.55) (layer F.SilkS) (width 0.15))
    (fp_line (start -1.55 -1.55) (end -1.55 1.55) (layer F.SilkS) (width 0.15))
    (pad 1 thru_hole oval (at 0 0) (size 1.7272 2.032) (drill 1.016) (layers *.Cu *.Mask F.SilkS)
      (net 46 "/Main/A5(SCL)"))
    (pad 2 thru_hole oval (at 2.54 0) (size 1.7272 2.032) (drill 1.016) (layers *.Cu *.Mask F.SilkS)
      (net 45 "/Main/A4(SDA)"))
    (pad 3 thru_hole oval (at 5.08 0) (size 1.7272 2.032) (drill 1.016) (layers *.Cu *.Mask F.SilkS)
      (net 47 /Main/AREF))
    (pad 4 thru_hole oval (at 7.62 0) (size 1.7272 2.032) (drill 1.016) (layers *.Cu *.Mask F.SilkS)
      (net 2 GND))
    (pad 5 thru_hole oval (at 10.16 0) (size 1.7272 2.032) (drill 1.016) (layers *.Cu *.Mask F.SilkS)
      (net 38 "/Main/13(SCK)"))
    (pad 6 thru_hole oval (at 12.7 0) (size 1.7272 2.032) (drill 1.016) (layers *.Cu *.Mask F.SilkS)
      (net 39 "/Main/12(MISO)"))
    (pad 7 thru_hole oval (at 15.24 0) (size 1.7272 2.032) (drill 1.016) (layers *.Cu *.Mask F.SilkS)
      (net 37 "/Main/11(**/MOSI)"))
    (pad 8 thru_hole oval (at 17.78 0) (size 1.7272 2.032) (drill 1.016) (layers *.Cu *.Mask F.SilkS)
      (net 48 "/Main/10(**/SS)"))
    (pad 9 thru_hole oval (at 20.32 0) (size 1.7272 2.032) (drill 1.016) (layers *.Cu *.Mask F.SilkS)
      (net 49 "/Main/9(**)"))
    (pad 10 thru_hole oval (at 22.86 0) (size 1.7272 2.032) (drill 1.016) (layers *.Cu *.Mask F.SilkS)
      (net 50 /Main/8))
    (model ${KIPRJMOD}/Socket_Arduino_Uno.3dshapes/Socket_header_Arduino_1x10.wrl
      (offset (xyz 11.42999982833862 0 0))
      (scale (xyz 1 1 1))
      (rotate (xyz 0 0 180))
    )
  )

  (module Socket_Arduino_Uno:Socket_Strip_Arduino_1x08 locked (layer F.Cu) (tedit 552168C7) (tstamp 551AFA2F)
    (at 156.718 75.565)
    (descr "Through hole socket strip")
    (tags "socket strip")
    (path /5C14B8B6/5C19A213)
    (fp_text reference P4 (at 8.89 2.794) (layer F.SilkS)
      (effects (font (size 1 1) (thickness 0.15)))
    )
    (fp_text value Digital (at 8.89 4.318) (layer F.Fab)
      (effects (font (size 1 1) (thickness 0.15)))
    )
    (fp_line (start -1.75 -1.75) (end -1.75 1.75) (layer F.CrtYd) (width 0.05))
    (fp_line (start 19.55 -1.75) (end 19.55 1.75) (layer F.CrtYd) (width 0.05))
    (fp_line (start -1.75 -1.75) (end 19.55 -1.75) (layer F.CrtYd) (width 0.05))
    (fp_line (start -1.75 1.75) (end 19.55 1.75) (layer F.CrtYd) (width 0.05))
    (fp_line (start 1.27 1.27) (end 19.05 1.27) (layer F.SilkS) (width 0.15))
    (fp_line (start 19.05 1.27) (end 19.05 -1.27) (layer F.SilkS) (width 0.15))
    (fp_line (start 19.05 -1.27) (end 1.27 -1.27) (layer F.SilkS) (width 0.15))
    (fp_line (start -1.55 1.55) (end 0 1.55) (layer F.SilkS) (width 0.15))
    (fp_line (start 1.27 1.27) (end 1.27 -1.27) (layer F.SilkS) (width 0.15))
    (fp_line (start 0 -1.55) (end -1.55 -1.55) (layer F.SilkS) (width 0.15))
    (fp_line (start -1.55 -1.55) (end -1.55 1.55) (layer F.SilkS) (width 0.15))
    (pad 1 thru_hole oval (at 0 0) (size 1.7272 2.032) (drill 1.016) (layers *.Cu *.Mask F.SilkS)
      (net 51 /Main/7))
    (pad 2 thru_hole oval (at 2.54 0) (size 1.7272 2.032) (drill 1.016) (layers *.Cu *.Mask F.SilkS)
      (net 52 "/Main/6(**)"))
    (pad 3 thru_hole oval (at 5.08 0) (size 1.7272 2.032) (drill 1.016) (layers *.Cu *.Mask F.SilkS)
      (net 53 "/Main/5(**)"))
    (pad 4 thru_hole oval (at 7.62 0) (size 1.7272 2.032) (drill 1.016) (layers *.Cu *.Mask F.SilkS)
      (net 54 /Main/4))
    (pad 5 thru_hole oval (at 10.16 0) (size 1.7272 2.032) (drill 1.016) (layers *.Cu *.Mask F.SilkS)
      (net 55 "/Main/3(**)"))
    (pad 6 thru_hole oval (at 12.7 0) (size 1.7272 2.032) (drill 1.016) (layers *.Cu *.Mask F.SilkS)
      (net 56 /Main/2))
    (pad 7 thru_hole oval (at 15.24 0) (size 1.7272 2.032) (drill 1.016) (layers *.Cu *.Mask F.SilkS)
      (net 57 "/Main/1(Tx)"))
    (pad 8 thru_hole oval (at 17.78 0) (size 1.7272 2.032) (drill 1.016) (layers *.Cu *.Mask F.SilkS)
      (net 58 "/Main/0(Rx)"))
    (model ${KIPRJMOD}/Socket_Arduino_Uno.3dshapes/Socket_header_Arduino_1x08.wrl
      (offset (xyz 8.889999866485596 0 0))
      (scale (xyz 1 1 1))
      (rotate (xyz 0 0 180))
    )
  )

  (module Socket_Arduino_Uno:Arduino_1pin locked (layer F.Cu) (tedit 5524FC39) (tstamp 5524FC3F)
    (at 124.968 123.825)
    (descr "module 1 pin (ou trou mecanique de percage)")
    (tags DEV)
    (path /5C14B8B6/5C19A1F3)
    (fp_text reference P5 (at 0 -3.048) (layer F.SilkS) hide
      (effects (font (size 1 1) (thickness 0.15)))
    )
    (fp_text value CONN_01X01 (at 0 2.794) (layer F.Fab) hide
      (effects (font (size 1 1) (thickness 0.15)))
    )
    (fp_circle (center 0 0) (end 0 -2.286) (layer F.SilkS) (width 0.15))
    (pad 1 thru_hole circle (at 0 0) (size 4.064 4.064) (drill 3.048) (layers *.Cu *.Mask F.SilkS)
      (net 3 "Net-(P5-Pad1)"))
  )

  (module Socket_Arduino_Uno:Arduino_1pin locked (layer F.Cu) (tedit 5524FC4A) (tstamp 5524FC44)
    (at 177.038 118.745)
    (descr "module 1 pin (ou trou mecanique de percage)")
    (tags DEV)
    (path /5C14B8B6/5C19A1FA)
    (fp_text reference P6 (at 0 -3.048) (layer F.SilkS) hide
      (effects (font (size 1 1) (thickness 0.15)))
    )
    (fp_text value CONN_01X01 (at 0 2.794) (layer F.Fab) hide
      (effects (font (size 1 1) (thickness 0.15)))
    )
    (fp_circle (center 0 0) (end 0 -2.286) (layer F.SilkS) (width 0.15))
    (pad 1 thru_hole circle (at 0 0) (size 4.064 4.064) (drill 3.048) (layers *.Cu *.Mask F.SilkS)
      (net 4 "Net-(P6-Pad1)"))
  )

  (module Socket_Arduino_Uno:Arduino_1pin locked (layer F.Cu) (tedit 5524FC2F) (tstamp 5524FC49)
    (at 126.238 75.565)
    (descr "module 1 pin (ou trou mecanique de percage)")
    (tags DEV)
    (path /5C14B8B6/5C19A201)
    (fp_text reference P7 (at 0 -3.048) (layer F.SilkS) hide
      (effects (font (size 1 1) (thickness 0.15)))
    )
    (fp_text value CONN_01X01 (at 0 2.794) (layer F.Fab) hide
      (effects (font (size 1 1) (thickness 0.15)))
    )
    (fp_circle (center 0 0) (end 0 -2.286) (layer F.SilkS) (width 0.15))
    (pad 1 thru_hole circle (at 0 0) (size 4.064 4.064) (drill 3.048) (layers *.Cu *.Mask F.SilkS)
      (net 5 "Net-(P7-Pad1)"))
  )

  (module Socket_Arduino_Uno:Arduino_1pin locked (layer F.Cu) (tedit 5524FC41) (tstamp 5524FC4E)
    (at 177.038 90.805)
    (descr "module 1 pin (ou trou mecanique de percage)")
    (tags DEV)
    (path /5C14B8B6/5C19A208)
    (fp_text reference P8 (at 0 -3.048) (layer F.SilkS) hide
      (effects (font (size 1 1) (thickness 0.15)))
    )
    (fp_text value CONN_01X01 (at 0 2.794) (layer F.Fab) hide
      (effects (font (size 1 1) (thickness 0.15)))
    )
    (fp_circle (center 0 0) (end 0 -2.286) (layer F.SilkS) (width 0.15))
    (pad 1 thru_hole circle (at 0 0) (size 4.064 4.064) (drill 3.048) (layers *.Cu *.Mask F.SilkS)
      (net 6 "Net-(P8-Pad1)"))
  )

  (module Capacitor_SMD:C_0603_1608Metric (layer F.Cu) (tedit 5B301BBE) (tstamp 5C3A15BA)
    (at 136.398 110.363 90)
    (descr "Capacitor SMD 0603 (1608 Metric), square (rectangular) end terminal, IPC_7351 nominal, (Body size source: http://www.tortai-tech.com/upload/download/2011102023233369053.pdf), generated with kicad-footprint-generator")
    (tags capacitor)
    (path /5C14ABD7/5C150093)
    (attr smd)
    (fp_text reference C3 (at 0 -1.43 90) (layer F.SilkS)
      (effects (font (size 1 1) (thickness 0.15)))
    )
    (fp_text value 100n (at 0 1.43 90) (layer F.Fab)
      (effects (font (size 1 1) (thickness 0.15)))
    )
    (fp_text user %R (at 0 0 90) (layer F.Fab)
      (effects (font (size 0.4 0.4) (thickness 0.06)))
    )
    (fp_line (start 1.48 0.73) (end -1.48 0.73) (layer F.CrtYd) (width 0.05))
    (fp_line (start 1.48 -0.73) (end 1.48 0.73) (layer F.CrtYd) (width 0.05))
    (fp_line (start -1.48 -0.73) (end 1.48 -0.73) (layer F.CrtYd) (width 0.05))
    (fp_line (start -1.48 0.73) (end -1.48 -0.73) (layer F.CrtYd) (width 0.05))
    (fp_line (start -0.162779 0.51) (end 0.162779 0.51) (layer F.SilkS) (width 0.12))
    (fp_line (start -0.162779 -0.51) (end 0.162779 -0.51) (layer F.SilkS) (width 0.12))
    (fp_line (start 0.8 0.4) (end -0.8 0.4) (layer F.Fab) (width 0.1))
    (fp_line (start 0.8 -0.4) (end 0.8 0.4) (layer F.Fab) (width 0.1))
    (fp_line (start -0.8 -0.4) (end 0.8 -0.4) (layer F.Fab) (width 0.1))
    (fp_line (start -0.8 0.4) (end -0.8 -0.4) (layer F.Fab) (width 0.1))
    (pad 2 smd roundrect (at 0.7875 0 90) (size 0.875 0.95) (layers F.Cu F.Paste F.Mask) (roundrect_rratio 0.25)
      (net 2 GND))
    (pad 1 smd roundrect (at -0.7875 0 90) (size 0.875 0.95) (layers F.Cu F.Paste F.Mask) (roundrect_rratio 0.25)
      (net 1 +5V))
    (model ${KISYS3DMOD}/Capacitor_SMD.3dshapes/C_0603_1608Metric.wrl
      (at (xyz 0 0 0))
      (scale (xyz 1 1 1))
      (rotate (xyz 0 0 0))
    )
  )

  (module Capacitor_SMD:C_0603_1608Metric (layer F.Cu) (tedit 5B301BBE) (tstamp 5C3A15CB)
    (at 128.016 110.363 90)
    (descr "Capacitor SMD 0603 (1608 Metric), square (rectangular) end terminal, IPC_7351 nominal, (Body size source: http://www.tortai-tech.com/upload/download/2011102023233369053.pdf), generated with kicad-footprint-generator")
    (tags capacitor)
    (path /5C14ABD7/5C1586F8)
    (attr smd)
    (fp_text reference C4 (at 0 -1.43 90) (layer F.SilkS)
      (effects (font (size 1 1) (thickness 0.15)))
    )
    (fp_text value 100n (at 0 1.43 90) (layer F.Fab)
      (effects (font (size 1 1) (thickness 0.15)))
    )
    (fp_text user %R (at 0 0 90) (layer F.Fab)
      (effects (font (size 0.4 0.4) (thickness 0.06)))
    )
    (fp_line (start 1.48 0.73) (end -1.48 0.73) (layer F.CrtYd) (width 0.05))
    (fp_line (start 1.48 -0.73) (end 1.48 0.73) (layer F.CrtYd) (width 0.05))
    (fp_line (start -1.48 -0.73) (end 1.48 -0.73) (layer F.CrtYd) (width 0.05))
    (fp_line (start -1.48 0.73) (end -1.48 -0.73) (layer F.CrtYd) (width 0.05))
    (fp_line (start -0.162779 0.51) (end 0.162779 0.51) (layer F.SilkS) (width 0.12))
    (fp_line (start -0.162779 -0.51) (end 0.162779 -0.51) (layer F.SilkS) (width 0.12))
    (fp_line (start 0.8 0.4) (end -0.8 0.4) (layer F.Fab) (width 0.1))
    (fp_line (start 0.8 -0.4) (end 0.8 0.4) (layer F.Fab) (width 0.1))
    (fp_line (start -0.8 -0.4) (end 0.8 -0.4) (layer F.Fab) (width 0.1))
    (fp_line (start -0.8 0.4) (end -0.8 -0.4) (layer F.Fab) (width 0.1))
    (pad 2 smd roundrect (at 0.7875 0 90) (size 0.875 0.95) (layers F.Cu F.Paste F.Mask) (roundrect_rratio 0.25)
      (net 2 GND))
    (pad 1 smd roundrect (at -0.7875 0 90) (size 0.875 0.95) (layers F.Cu F.Paste F.Mask) (roundrect_rratio 0.25)
      (net 1 +5V))
    (model ${KISYS3DMOD}/Capacitor_SMD.3dshapes/C_0603_1608Metric.wrl
      (at (xyz 0 0 0))
      (scale (xyz 1 1 1))
      (rotate (xyz 0 0 0))
    )
  )

  (module Capacitor_SMD:C_0603_1608Metric (layer F.Cu) (tedit 5B301BBE) (tstamp 5C3A15DC)
    (at 154.152 116.459)
    (descr "Capacitor SMD 0603 (1608 Metric), square (rectangular) end terminal, IPC_7351 nominal, (Body size source: http://www.tortai-tech.com/upload/download/2011102023233369053.pdf), generated with kicad-footprint-generator")
    (tags capacitor)
    (path /5C14ABD7/5C14F160)
    (attr smd)
    (fp_text reference C5 (at 0 -1.43) (layer F.SilkS)
      (effects (font (size 1 1) (thickness 0.15)))
    )
    (fp_text value 1u (at 0 1.43) (layer F.Fab)
      (effects (font (size 1 1) (thickness 0.15)))
    )
    (fp_line (start -0.8 0.4) (end -0.8 -0.4) (layer F.Fab) (width 0.1))
    (fp_line (start -0.8 -0.4) (end 0.8 -0.4) (layer F.Fab) (width 0.1))
    (fp_line (start 0.8 -0.4) (end 0.8 0.4) (layer F.Fab) (width 0.1))
    (fp_line (start 0.8 0.4) (end -0.8 0.4) (layer F.Fab) (width 0.1))
    (fp_line (start -0.162779 -0.51) (end 0.162779 -0.51) (layer F.SilkS) (width 0.12))
    (fp_line (start -0.162779 0.51) (end 0.162779 0.51) (layer F.SilkS) (width 0.12))
    (fp_line (start -1.48 0.73) (end -1.48 -0.73) (layer F.CrtYd) (width 0.05))
    (fp_line (start -1.48 -0.73) (end 1.48 -0.73) (layer F.CrtYd) (width 0.05))
    (fp_line (start 1.48 -0.73) (end 1.48 0.73) (layer F.CrtYd) (width 0.05))
    (fp_line (start 1.48 0.73) (end -1.48 0.73) (layer F.CrtYd) (width 0.05))
    (fp_text user %R (at 0 0) (layer F.Fab)
      (effects (font (size 0.4 0.4) (thickness 0.06)))
    )
    (pad 1 smd roundrect (at -0.7875 0) (size 0.875 0.95) (layers F.Cu F.Paste F.Mask) (roundrect_rratio 0.25)
      (net 8 +3V3))
    (pad 2 smd roundrect (at 0.7875 0) (size 0.875 0.95) (layers F.Cu F.Paste F.Mask) (roundrect_rratio 0.25)
      (net 2 GND))
    (model ${KISYS3DMOD}/Capacitor_SMD.3dshapes/C_0603_1608Metric.wrl
      (at (xyz 0 0 0))
      (scale (xyz 1 1 1))
      (rotate (xyz 0 0 0))
    )
  )

  (module Capacitor_SMD:C_0603_1608Metric (layer F.Cu) (tedit 5B301BBE) (tstamp 5C3A15ED)
    (at 122.91 95.3272 180)
    (descr "Capacitor SMD 0603 (1608 Metric), square (rectangular) end terminal, IPC_7351 nominal, (Body size source: http://www.tortai-tech.com/upload/download/2011102023233369053.pdf), generated with kicad-footprint-generator")
    (tags capacitor)
    (path /5C14B833/5C16AFC0)
    (attr smd)
    (fp_text reference C6 (at 0 -1.43 180) (layer F.SilkS)
      (effects (font (size 1 1) (thickness 0.15)))
    )
    (fp_text value 22p (at 0 1.43 180) (layer F.Fab)
      (effects (font (size 1 1) (thickness 0.15)))
    )
    (fp_text user %R (at 0 0 180) (layer F.Fab)
      (effects (font (size 0.4 0.4) (thickness 0.06)))
    )
    (fp_line (start 1.48 0.73) (end -1.48 0.73) (layer F.CrtYd) (width 0.05))
    (fp_line (start 1.48 -0.73) (end 1.48 0.73) (layer F.CrtYd) (width 0.05))
    (fp_line (start -1.48 -0.73) (end 1.48 -0.73) (layer F.CrtYd) (width 0.05))
    (fp_line (start -1.48 0.73) (end -1.48 -0.73) (layer F.CrtYd) (width 0.05))
    (fp_line (start -0.162779 0.51) (end 0.162779 0.51) (layer F.SilkS) (width 0.12))
    (fp_line (start -0.162779 -0.51) (end 0.162779 -0.51) (layer F.SilkS) (width 0.12))
    (fp_line (start 0.8 0.4) (end -0.8 0.4) (layer F.Fab) (width 0.1))
    (fp_line (start 0.8 -0.4) (end 0.8 0.4) (layer F.Fab) (width 0.1))
    (fp_line (start -0.8 -0.4) (end 0.8 -0.4) (layer F.Fab) (width 0.1))
    (fp_line (start -0.8 0.4) (end -0.8 -0.4) (layer F.Fab) (width 0.1))
    (pad 2 smd roundrect (at 0.7875 0 180) (size 0.875 0.95) (layers F.Cu F.Paste F.Mask) (roundrect_rratio 0.25)
      (net 2 GND))
    (pad 1 smd roundrect (at -0.7875 0 180) (size 0.875 0.95) (layers F.Cu F.Paste F.Mask) (roundrect_rratio 0.25)
      (net 10 "Net-(C6-Pad1)"))
    (model ${KISYS3DMOD}/Capacitor_SMD.3dshapes/C_0603_1608Metric.wrl
      (at (xyz 0 0 0))
      (scale (xyz 1 1 1))
      (rotate (xyz 0 0 0))
    )
  )

  (module Capacitor_SMD:C_0603_1608Metric (layer F.Cu) (tedit 5B301BBE) (tstamp 5C3A15FE)
    (at 138.546 96.652)
    (descr "Capacitor SMD 0603 (1608 Metric), square (rectangular) end terminal, IPC_7351 nominal, (Body size source: http://www.tortai-tech.com/upload/download/2011102023233369053.pdf), generated with kicad-footprint-generator")
    (tags capacitor)
    (path /5C14B833/5C16B055)
    (attr smd)
    (fp_text reference C7 (at 0 -1.43) (layer F.SilkS)
      (effects (font (size 1 1) (thickness 0.15)))
    )
    (fp_text value 22p (at 0 1.43) (layer F.Fab)
      (effects (font (size 1 1) (thickness 0.15)))
    )
    (fp_line (start -0.8 0.4) (end -0.8 -0.4) (layer F.Fab) (width 0.1))
    (fp_line (start -0.8 -0.4) (end 0.8 -0.4) (layer F.Fab) (width 0.1))
    (fp_line (start 0.8 -0.4) (end 0.8 0.4) (layer F.Fab) (width 0.1))
    (fp_line (start 0.8 0.4) (end -0.8 0.4) (layer F.Fab) (width 0.1))
    (fp_line (start -0.162779 -0.51) (end 0.162779 -0.51) (layer F.SilkS) (width 0.12))
    (fp_line (start -0.162779 0.51) (end 0.162779 0.51) (layer F.SilkS) (width 0.12))
    (fp_line (start -1.48 0.73) (end -1.48 -0.73) (layer F.CrtYd) (width 0.05))
    (fp_line (start -1.48 -0.73) (end 1.48 -0.73) (layer F.CrtYd) (width 0.05))
    (fp_line (start 1.48 -0.73) (end 1.48 0.73) (layer F.CrtYd) (width 0.05))
    (fp_line (start 1.48 0.73) (end -1.48 0.73) (layer F.CrtYd) (width 0.05))
    (fp_text user %R (at 0 0) (layer F.Fab)
      (effects (font (size 0.4 0.4) (thickness 0.06)))
    )
    (pad 1 smd roundrect (at -0.7875 0) (size 0.875 0.95) (layers F.Cu F.Paste F.Mask) (roundrect_rratio 0.25)
      (net 11 "Net-(C7-Pad1)"))
    (pad 2 smd roundrect (at 0.7875 0) (size 0.875 0.95) (layers F.Cu F.Paste F.Mask) (roundrect_rratio 0.25)
      (net 2 GND))
    (model ${KISYS3DMOD}/Capacitor_SMD.3dshapes/C_0603_1608Metric.wrl
      (at (xyz 0 0 0))
      (scale (xyz 1 1 1))
      (rotate (xyz 0 0 0))
    )
  )

  (module Capacitor_SMD:C_0603_1608Metric (layer F.Cu) (tedit 5B301BBE) (tstamp 5C3A160F)
    (at 122.91 97.3582 180)
    (descr "Capacitor SMD 0603 (1608 Metric), square (rectangular) end terminal, IPC_7351 nominal, (Body size source: http://www.tortai-tech.com/upload/download/2011102023233369053.pdf), generated with kicad-footprint-generator")
    (tags capacitor)
    (path /5C14B833/5C167B7D)
    (attr smd)
    (fp_text reference C8 (at 0 -1.43 180) (layer F.SilkS)
      (effects (font (size 1 1) (thickness 0.15)))
    )
    (fp_text value 100n (at 0 1.43 180) (layer F.Fab)
      (effects (font (size 1 1) (thickness 0.15)))
    )
    (fp_line (start -0.8 0.4) (end -0.8 -0.4) (layer F.Fab) (width 0.1))
    (fp_line (start -0.8 -0.4) (end 0.8 -0.4) (layer F.Fab) (width 0.1))
    (fp_line (start 0.8 -0.4) (end 0.8 0.4) (layer F.Fab) (width 0.1))
    (fp_line (start 0.8 0.4) (end -0.8 0.4) (layer F.Fab) (width 0.1))
    (fp_line (start -0.162779 -0.51) (end 0.162779 -0.51) (layer F.SilkS) (width 0.12))
    (fp_line (start -0.162779 0.51) (end 0.162779 0.51) (layer F.SilkS) (width 0.12))
    (fp_line (start -1.48 0.73) (end -1.48 -0.73) (layer F.CrtYd) (width 0.05))
    (fp_line (start -1.48 -0.73) (end 1.48 -0.73) (layer F.CrtYd) (width 0.05))
    (fp_line (start 1.48 -0.73) (end 1.48 0.73) (layer F.CrtYd) (width 0.05))
    (fp_line (start 1.48 0.73) (end -1.48 0.73) (layer F.CrtYd) (width 0.05))
    (fp_text user %R (at 0 0 180) (layer F.Fab)
      (effects (font (size 0.4 0.4) (thickness 0.06)))
    )
    (pad 1 smd roundrect (at -0.7875 0 180) (size 0.875 0.95) (layers F.Cu F.Paste F.Mask) (roundrect_rratio 0.25)
      (net 1 +5V))
    (pad 2 smd roundrect (at 0.7875 0 180) (size 0.875 0.95) (layers F.Cu F.Paste F.Mask) (roundrect_rratio 0.25)
      (net 2 GND))
    (model ${KISYS3DMOD}/Capacitor_SMD.3dshapes/C_0603_1608Metric.wrl
      (at (xyz 0 0 0))
      (scale (xyz 1 1 1))
      (rotate (xyz 0 0 0))
    )
  )

  (module Capacitor_SMD:C_0603_1608Metric (layer F.Cu) (tedit 5B301BBE) (tstamp 5C3A1620)
    (at 138.546 82.169)
    (descr "Capacitor SMD 0603 (1608 Metric), square (rectangular) end terminal, IPC_7351 nominal, (Body size source: http://www.tortai-tech.com/upload/download/2011102023233369053.pdf), generated with kicad-footprint-generator")
    (tags capacitor)
    (path /5C14B833/5C1674ED)
    (attr smd)
    (fp_text reference C9 (at 0 -1.43) (layer F.SilkS)
      (effects (font (size 1 1) (thickness 0.15)))
    )
    (fp_text value 1u (at 0 1.43) (layer F.Fab)
      (effects (font (size 1 1) (thickness 0.15)))
    )
    (fp_line (start -0.8 0.4) (end -0.8 -0.4) (layer F.Fab) (width 0.1))
    (fp_line (start -0.8 -0.4) (end 0.8 -0.4) (layer F.Fab) (width 0.1))
    (fp_line (start 0.8 -0.4) (end 0.8 0.4) (layer F.Fab) (width 0.1))
    (fp_line (start 0.8 0.4) (end -0.8 0.4) (layer F.Fab) (width 0.1))
    (fp_line (start -0.162779 -0.51) (end 0.162779 -0.51) (layer F.SilkS) (width 0.12))
    (fp_line (start -0.162779 0.51) (end 0.162779 0.51) (layer F.SilkS) (width 0.12))
    (fp_line (start -1.48 0.73) (end -1.48 -0.73) (layer F.CrtYd) (width 0.05))
    (fp_line (start -1.48 -0.73) (end 1.48 -0.73) (layer F.CrtYd) (width 0.05))
    (fp_line (start 1.48 -0.73) (end 1.48 0.73) (layer F.CrtYd) (width 0.05))
    (fp_line (start 1.48 0.73) (end -1.48 0.73) (layer F.CrtYd) (width 0.05))
    (fp_text user %R (at 0 0) (layer F.Fab)
      (effects (font (size 0.4 0.4) (thickness 0.06)))
    )
    (pad 1 smd roundrect (at -0.7875 0) (size 0.875 0.95) (layers F.Cu F.Paste F.Mask) (roundrect_rratio 0.25)
      (net 12 "Net-(C9-Pad1)"))
    (pad 2 smd roundrect (at 0.7875 0) (size 0.875 0.95) (layers F.Cu F.Paste F.Mask) (roundrect_rratio 0.25)
      (net 2 GND))
    (model ${KISYS3DMOD}/Capacitor_SMD.3dshapes/C_0603_1608Metric.wrl
      (at (xyz 0 0 0))
      (scale (xyz 1 1 1))
      (rotate (xyz 0 0 0))
    )
  )

  (module Capacitor_SMD:C_0603_1608Metric (layer F.Cu) (tedit 5B301BBE) (tstamp 5C3A1631)
    (at 138.546 94.6515 180)
    (descr "Capacitor SMD 0603 (1608 Metric), square (rectangular) end terminal, IPC_7351 nominal, (Body size source: http://www.tortai-tech.com/upload/download/2011102023233369053.pdf), generated with kicad-footprint-generator")
    (tags capacitor)
    (path /5C14B8B6/5C19591C)
    (attr smd)
    (fp_text reference C10 (at 0 -1.43 180) (layer F.SilkS)
      (effects (font (size 1 1) (thickness 0.15)))
    )
    (fp_text value 100n (at 0 1.43 180) (layer F.Fab)
      (effects (font (size 1 1) (thickness 0.15)))
    )
    (fp_line (start -0.8 0.4) (end -0.8 -0.4) (layer F.Fab) (width 0.1))
    (fp_line (start -0.8 -0.4) (end 0.8 -0.4) (layer F.Fab) (width 0.1))
    (fp_line (start 0.8 -0.4) (end 0.8 0.4) (layer F.Fab) (width 0.1))
    (fp_line (start 0.8 0.4) (end -0.8 0.4) (layer F.Fab) (width 0.1))
    (fp_line (start -0.162779 -0.51) (end 0.162779 -0.51) (layer F.SilkS) (width 0.12))
    (fp_line (start -0.162779 0.51) (end 0.162779 0.51) (layer F.SilkS) (width 0.12))
    (fp_line (start -1.48 0.73) (end -1.48 -0.73) (layer F.CrtYd) (width 0.05))
    (fp_line (start -1.48 -0.73) (end 1.48 -0.73) (layer F.CrtYd) (width 0.05))
    (fp_line (start 1.48 -0.73) (end 1.48 0.73) (layer F.CrtYd) (width 0.05))
    (fp_line (start 1.48 0.73) (end -1.48 0.73) (layer F.CrtYd) (width 0.05))
    (fp_text user %R (at 0 0 180) (layer F.Fab)
      (effects (font (size 0.4 0.4) (thickness 0.06)))
    )
    (pad 1 smd roundrect (at -0.7875 0 180) (size 0.875 0.95) (layers F.Cu F.Paste F.Mask) (roundrect_rratio 0.25)
      (net 13 "Net-(C10-Pad1)"))
    (pad 2 smd roundrect (at 0.7875 0 180) (size 0.875 0.95) (layers F.Cu F.Paste F.Mask) (roundrect_rratio 0.25)
      (net 14 /Main/DTR))
    (model ${KISYS3DMOD}/Capacitor_SMD.3dshapes/C_0603_1608Metric.wrl
      (at (xyz 0 0 0))
      (scale (xyz 1 1 1))
      (rotate (xyz 0 0 0))
    )
  )

  (module Capacitor_SMD:C_0603_1608Metric (layer F.Cu) (tedit 5B301BBE) (tstamp 5C3A1642)
    (at 122.91 84.963)
    (descr "Capacitor SMD 0603 (1608 Metric), square (rectangular) end terminal, IPC_7351 nominal, (Body size source: http://www.tortai-tech.com/upload/download/2011102023233369053.pdf), generated with kicad-footprint-generator")
    (tags capacitor)
    (path /5C14B8B6/5C194A95)
    (attr smd)
    (fp_text reference C11 (at 0 -1.43) (layer F.SilkS)
      (effects (font (size 1 1) (thickness 0.15)))
    )
    (fp_text value 100n (at 0 1.43) (layer F.Fab)
      (effects (font (size 1 1) (thickness 0.15)))
    )
    (fp_text user %R (at 0 0) (layer F.Fab)
      (effects (font (size 0.4 0.4) (thickness 0.06)))
    )
    (fp_line (start 1.48 0.73) (end -1.48 0.73) (layer F.CrtYd) (width 0.05))
    (fp_line (start 1.48 -0.73) (end 1.48 0.73) (layer F.CrtYd) (width 0.05))
    (fp_line (start -1.48 -0.73) (end 1.48 -0.73) (layer F.CrtYd) (width 0.05))
    (fp_line (start -1.48 0.73) (end -1.48 -0.73) (layer F.CrtYd) (width 0.05))
    (fp_line (start -0.162779 0.51) (end 0.162779 0.51) (layer F.SilkS) (width 0.12))
    (fp_line (start -0.162779 -0.51) (end 0.162779 -0.51) (layer F.SilkS) (width 0.12))
    (fp_line (start 0.8 0.4) (end -0.8 0.4) (layer F.Fab) (width 0.1))
    (fp_line (start 0.8 -0.4) (end 0.8 0.4) (layer F.Fab) (width 0.1))
    (fp_line (start -0.8 -0.4) (end 0.8 -0.4) (layer F.Fab) (width 0.1))
    (fp_line (start -0.8 0.4) (end -0.8 -0.4) (layer F.Fab) (width 0.1))
    (pad 2 smd roundrect (at 0.7875 0) (size 0.875 0.95) (layers F.Cu F.Paste F.Mask) (roundrect_rratio 0.25)
      (net 2 GND))
    (pad 1 smd roundrect (at -0.7875 0) (size 0.875 0.95) (layers F.Cu F.Paste F.Mask) (roundrect_rratio 0.25)
      (net 1 +5V))
    (model ${KISYS3DMOD}/Capacitor_SMD.3dshapes/C_0603_1608Metric.wrl
      (at (xyz 0 0 0))
      (scale (xyz 1 1 1))
      (rotate (xyz 0 0 0))
    )
  )

  (module Diode_SMD:D_SMA (layer F.Cu) (tedit 586432E5) (tstamp 5C3A165A)
    (at 131.858 124.079 180)
    (descr "Diode SMA (DO-214AC)")
    (tags "Diode SMA (DO-214AC)")
    (path /5C14ABD7/5C14FBD3)
    (attr smd)
    (fp_text reference D1 (at 0 -2.5 180) (layer F.SilkS)
      (effects (font (size 1 1) (thickness 0.15)))
    )
    (fp_text value M7 (at 0 2.6 180) (layer F.Fab)
      (effects (font (size 1 1) (thickness 0.15)))
    )
    (fp_text user %R (at 0 -2.5 180) (layer F.Fab)
      (effects (font (size 1 1) (thickness 0.15)))
    )
    (fp_line (start -3.4 -1.65) (end -3.4 1.65) (layer F.SilkS) (width 0.12))
